0115/05/2018000500307538            15407,837672141       2674.0915/05/2018000       2674,09  0,00          8000000000000000                              0                      
0115/05/2018000500307536            15407,837672141       2674.0915/05/2018000       2674,09  0,00          8000000000000000                              0                      
0117/04/2018000200000128            56098,887672141       9736.1715/05/2018000       7788,94  0,00          8000000000000000                              0                      
0103/04/2018000200000127           156297,087672141      27125.9415/05/2018000      21700,75  0,00          8000000000000000                              0                      
0117/04/2018000200000141          1355799,227672141     235304.0015/05/2018000     235304,00  0,00          8000000000000000                              0                      
0103/04/2018000200000140          1499691,057672141     260276.9615/05/2018000     260276,96  0,00          8000000000000000                              0                      
0117/04/2018000200000139           482287,087672141      83702.7215/05/2018000      83702,72  0,00          8000000000000000                              0                      
0103/04/2018000200000138           740548,897672141     128525.0115/05/2018000     128525,01  0,00          8000000000000000                              0                      
0117/04/2018000200000082          2322422,427672141     403065.0515/05/2018000     403065,05  0,00          8000000000000000                              0                      
0103/04/2018000200000081          2540058,457672141     440836.5915/05/2018000     440836,59  0,00          8000000000000000                              0                      
0115/05/2018000500307296            16632,357672141       2886.6115/05/2018000       2886,61  0,00          8000000000000000                              0                      
0115/05/2018000500307295            16632,357672141       2886.6115/05/2018000       2886,61  0,00          8000000000000000                              0                      
0127/04/2018000100764601             3578,917672141        760.8711/05/2018000        760,87  0,00          8000000000000000                              0                      
0127/04/2018000100764600             3578,917672141        760.8711/05/2018000        760,87  0,00          8000000000000000                              0                      
0130/04/2018000400000753           600311,257672141     104186.2511/05/2018000      52093,13  0,00          8000000000000000                              0                      
0123/04/2018000400000747           529480,887672141      91893.3811/05/2018000      45946,69  0,00          8000000000000000                              0                      
0121/04/2018000400000738           615938,407672141     106898.4011/05/2018000      53449,20  0,00          8000000000000000                              0                      
0112/04/2018000400000736           213444,007672141      37044.0011/05/2018000      18522,00  0,00          8000000000000000                              0                      
0109/04/2018000400000732           640923,097672141     111234.5911/05/2018000      55617,29  0,00          8000000000000000                              0                      
0109/04/2018000400000726           556631,467672141      96605.4611/05/2018000      48302,73  0,00          8000000000000000                              0                      
0103/04/2018000400000718           234514,947672141      40700.9411/05/2018000      20350,47  0,00          8000000000000000                              0                      
0124/04/2018000400001761           389535,307672141      67605.3011/05/2018000      33802,65  0,00          8000000000000000                              0                      
0113/04/2018000400001754           403828,437672141      70085.9311/05/2018000      35042,96  0,00          8000000000000000                              0                      
0118/04/2018000400001753           455032,607672141      78972.6011/05/2018000      39486,30  0,00          8000000000000000                              0                      
0125/04/2018000300000513          1255266,107672141     217856.1011/05/2018000     108928,05  0,00          8000000000000000                              0                      
0124/04/2018000300000491           376866,607672141      65406.6011/05/2018000      32703,30  0,00          8000000000000000                              0                      
0117/04/2018000300000487            15016,107672141       2606.1011/05/2018000       2606,10  0,00          8000000000000000                              0                      
0105/04/2018000300000456           240088,207672141      41668.2011/05/2018000      20834,10  0,00          8000000000000000                              0                      
0111/05/2018000700006878             2741,567672141        475.8111/05/2018000        475,81  0,00          8000000000000000                              0                      
0111/05/2018000700006876             2741,567672141        475.8111/05/2018000        475,81  0,00          8000000000000000                              0                      
0111/05/2018000700006877             2741,567672141        475.8111/05/2018000        475,81  0,00          8000000000000000                              0                      
0105/05/2018000300000465           520493,607672141      90333.6010/05/2018000      45166,80  0,00          8000000000000000                              0                      
0131/03/2018001600001774            28494,907672141       4945.4010/05/2018000       3956,32  0,00          8000000000000000                              0                      
0131/03/2018001600001773            23304,007672141       4044.5010/05/2018000       4044,50  0,00          8000000000000000                              0                      
0131/03/2018001600001772            59805,467672141      10379.4610/05/2018000       8303,57  0,00          8000000000000000                              0                      
0119/03/2018001600001748            10507,647672141       1823.6410/05/2018000       1823,64  0,00          8000000000000000                              0                      
0119/03/2018001600001747            31035,297672141       5386.2910/05/2018000       4309,03  0,00          8000000000000000                              0                      
0119/03/2018001600001746            49006,827672141       8505.3210/05/2018000       6804,26  0,00          8000000000000000                              0                      
0109/05/2018000500306117            12781,807672141       2218.3310/05/2018000       2218,33  0,00          8000000000000000                              0                      
0109/05/2018000500306115            12781,807672141       2218.3310/05/2018000       2218,33  0,00          8000000000000000                              0                      
0110/04/2018000200000595            30719,007672141       2919.0010/05/2018000       1459,50  0,00          8000000000000000                              0                      
0106/04/2018000300029869             2758,227672141        478.7010/05/2018000        478,70  0,00          8000000000000000                              0                      
0104/04/2018000300029792             3646,377672141        632.8410/05/2018000        632,84  0,00          8000000000000000                              0                      
0125/04/2018000200004218             3915,007672141        679.4610/05/2018000        679,46  0,00          8000000000000000                              0                      
0125/04/2018000300002319            22646,007672141       3930.3010/05/2018000       3930,30  0,00          8000000000000000                              0                      
0130/04/2018000300000219            27163,297672141       4714.2910/05/2018000       2357,15  0,00          8000000000000000                              0                      
0102/05/2018000400000598           433204,207672141      75184.2009/05/2018000      37592,10  0,00          8000000000000000                              0                      
0103/05/2018000500003468            71162,527672141      12350.5209/05/2018000       6175,26  0,00          8000000000000000                              0                      
0130/04/2018000500003446            72420,927672141      12568.9209/05/2018000       6284,46  0,00          8000000000000000                              0                      
0115/04/2018000300002289            42266,017672141       7335.4209/05/2018000       5868,34  0,00          8000000000000000                              0                      
0131/03/2018000300002235            17960,467672141       3117.1009/05/2018000       3117,10  0,00          8000000000000000                              0                      
0119/03/2018000300002178            30437,957672141       5282.6209/05/2018000       4226,10  0,00          8000000000000000                              0                      
0124/04/2018000300006660             2904,007672141        504.0008/05/2018000        504,00  0,00          8000000000000000                              0                      
0110/04/2018000300006571            53724,007672141       9324.0008/05/2018000       4662,00  0,00          8000000000000000                              0                      
0110/04/2018000900007081             2523,217672141        437.9108/05/2018000        437,91  0,00          8000000000000000                              0                      
0109/04/2018000200000192             8783,397672141       1524.3908/05/2018000       1524,39  0,00          8000000000000000                              0                      
0108/05/2018000500305729            13580,817672141       2357.0008/05/2018000       2357,00  0,00          8000000000000000                              0                      
0108/05/2018000500305721            13580,817672141       2357.0008/05/2018000       2357,00  0,00          8000000000000000                              0                      
0124/04/2018000200002635             2904,007672141        504.0008/05/2018000        504,00  0,00          8000000000000000                              0                      
0116/04/2018000200002612             4815,807672141        835.8008/05/2018000        835,80  0,00          8000000000000000                              0                      
0116/04/2018000600005133            14388,457672141       2497.1708/05/2018000       2497,17  0,00          8000000000000000                              0                      
0112/04/2018000200000874            56386,007672141       9786.0008/05/2018000       4893,00  0,00          8000000000000000                              0                      
0126/04/2018000200000052             5808,007672141       1008.0008/05/2018000       1008,00  0,00          8000000000000000                              0                      
0116/04/2018000200000051             3388,007672141        588.0008/05/2018000        588,00  0,00          8000000000000000                              0                      
0126/04/2018000200000227             9801,007672141       1701.0008/05/2018000       1701,00  0,00          8000000000000000                              0                      
0112/04/2018000200000226            19602,007672141       3402.0008/05/2018000       3402,00  0,00          8000000000000000                              0                      
0104/04/2018000200002662            26188,507672141       2488.5008/05/2018000       1244,25  0,00          8000000000000000                              0                      
0112/04/2018000500001632             8050,007672141       1397.1108/05/2018000       1397,11  0,00          8000000000000000                              0                      
0113/04/2018000200000033            11091,477672141       1924.9708/05/2018000       1924,97  0,00          8000000000000000                              0                      
0105/04/2018000200000023            11091,477672141       1924.9708/05/2018000       1924,97  0,00          8000000000000000                              0                      
0124/04/2018000300002207             3999,977672141        694.2108/05/2018000        694,21  0,00          8000000000000000                              0                      
0120/04/2018005700004241            26515,597672141       4601.8808/05/2018000       2300,94  0,00          8000000000000000                              0                      
0119/04/2018001200006712             9225,007672141       1601.0308/05/2018000       1601,03  0,00          8000000000000000                              0                      
0111/04/2018001200006484             5979,477672141       1037.7608/05/2018000       1037,76  0,00          8000000000000000                              0                      
0108/05/2018000700006664             2597,877672141        450.8708/05/2018000        450,87  0,00          8000000000000000                              0                      
0103/05/2018000200000392            32670,007672141       5670.0008/05/2018000       4536,00  0,00          8000000000000000                              0                      
0113/04/2018000200001103             9244,407672141       1604.4008/05/2018000       1604,40  0,00          8000000000000000                              0                      
0119/04/2018000400000322            22764,947672141       3950.9408/05/2018000       3950,94  0,00          8000000000000000                              0                      
0108/05/2018000400000714             4110,987672141        713.4808/05/2018000        713,48  0,00          8000000000000000                              0                      
0108/05/2018000400000713             5234,657672141        908.5008/05/2018000        908,50  0,00          8000000000000000                              0                      
0103/05/2018000300004101             2485,007672141        431.2808/05/2018000        431,28  0,00          8000000000000000                              0                      
0104/05/2018000300001130            16940,007672141       2940.0008/05/2018000       2940,00  0,00          8000000000000000                              0                      
0107/05/2018000300003530            10962,127672141       1902.5208/05/2018000       1902,52  0,00          8000000000000000                              0                      
0102/05/2018100000003513             2569,627672141        445.9708/05/2018000        445,97  0,00          8000000000000000                              0                      
0102/05/2018001000009763             4909,217672141        852.0108/05/2018000        852,01  0,00          8000000000000000                              0                      
0102/05/2018000400004623            18190,667672141       3157.0608/05/2018000       3157,06  0,00          8000000000000000                              0                      
0111/04/2018000400004582            17772,487672141       3084.4808/05/2018000       3084,48  0,00          8000000000000000                              0                      
0106/04/2018000400004576            17859,607672141       3099.6008/05/2018000       3099,60  0,00          8000000000000000                              0                      
0107/05/2018002500071600            13382,647672141       2322.6008/05/2018000       2322,60  0,00          8000000000000000                              0                      
0125/04/2018000500003423            13968,247672141       2424.2407/05/2018000       2424,24  0,00          8000000000000000                              0                      
0123/04/2018000500003410            64178,407672141      11138.4007/05/2018000       5569,20  0,00          8000000000000000                              0                      
0112/04/2018000400020977            13198,687672141       2290.6807/05/2018000       2290,68  0,00          8000000000000000                              0                      
0110/04/2018000400020942            13231,357672141       2296.3507/05/2018000       2296,35  0,00          8000000000000000                              0                      
0103/04/2018000300005271           497885,967672141      86409.9607/05/2018000      43204,98  0,00          8000000000000000                              0                      
0130/03/2018000100050936             2800,007672141        485.9507/05/2018000        485,95  0,00          8000000000000000                              0                      
0104/05/2018002500071587            17879,987672141       3103.1207/05/2018000       3103,12  0,00          8000000000000000                              0                      
0128/02/2018000100050503             2800,007672141        485.9507/05/2018000        485,95  0,00          8000000000000000                              0                      
0105/05/2018000500305308            11370,957672141       1973.4707/05/2018000       1973,47  0,00          8000000000000000                              0                      
0105/05/2018000500305307            11370,957672141       1973.4707/05/2018000       1973,47  0,00          8000000000000000                              0                      
0105/05/2018000500305306            11370,957672141       1973.4707/05/2018000       1973,47  0,00          8000000000000000                              0                      
0105/05/2018000500305305            11370,957672141       1973.4707/05/2018000       1973,47  0,00          8000000000000000                              0                      
0105/05/2018000500305304            11370,957672141       1973.4707/05/2018000       1973,47  0,00          8000000000000000                              0                      
0105/05/2018000500305303             8169,007672141       1417.7607/05/2018000       1417,76  0,00          8000000000000000                              0                      
0116/04/2018000300003969             5331,007672141        925.2104/05/2018000        925,21  0,00          8000000000000000                              0                      
0126/04/2018000300000456           635613,007672141     110313.0004/05/2018000      55156,50  0,00          8000000000000000                              0                      
0127/04/2018000300000484           676450,987672141     117400.5804/05/2018000      58700,29  0,00          8000000000000000                              0                      
0103/05/2018000400000761             2662,007672141        462.0004/05/2018000        462,00  0,00          8000000000000000                              0                      
0103/05/2018000500304886            13815,847672141       2397.7904/05/2018000       2397,79  0,00          8000000000000000                              0                      
0103/05/2018000700006410             2509,367672141        435.5103/05/2018000        526,97  0,00          8000000000000000                              0                      
0103/05/2018000700006409             2509,367672141        435.5103/05/2018000        526,97  0,00          8000000000000000                              0                      
0126/04/2018000300000216            53066,977672141       9209.9703/05/2018000       4604,98  0,00          8000000000000000                              0                      
0127/04/2018002600052166            15208,547672141       2639.5103/05/2018000       2639,51  0,00          8000000000000000                              0                      
0102/05/2018000500305935             3328,897672141        577.7402/05/2018000        577,74  0,00          8000000000000000                              0                      
0102/05/2018000500305931             3328,897672141        577.7402/05/2018000        577,74  0,00          8000000000000000                              0                      
0102/05/2018000500305939             3328,897672141        577.7402/05/2018000        577,74  0,00          8000000000000000                              0                      
0111/05/2018000400000753          3391244,022170781    2802681.0011/05/2018010      54053,62  0,00          8000000000000000                              0                      
0111/05/2018000400001761           793363,732170781     655672.5011/05/2018010      11113,45  0,00          8000000000000000                              0                      
0111/05/2018000400001753           455032,602170781     376060.0011/05/2018010       5521,20  0,00          8000000000000000                              0                      
0111/05/2018000300000513          1887237,002170781    1559700.0011/05/2018010      29194,00  0,00          8000000000000000                              0                      
0110/05/2018000300000465           520493,602170781     430160.0010/05/2018010       8603,20  0,00          8000000000000000                              0                      
0110/05/2018001600001774           202154,112170781     167069.5010/05/2018010       2741,39  0,00          8000000000000000                              0                      
0110/05/2018001100054674           479530,752170781     396306.4010/05/2018010       7926,12  0,00          8000000000000000                              0                      
0110/05/2018000400002066            19032,092170781      15729.0010/05/2018010        314,58  0,00          8000000000000000                              0                      
0110/05/2018000100000070           116160,002170781      96000.0010/05/2018010       1920,00  0,00          8000000000000000                              0                      
0110/05/2018000500001554           453662,882170781     374928.0010/05/2018010       7498,56  0,00          8000000000000000                              0                      
0110/05/2018000500000204             6568,482170781       5428.5010/05/2018010        108,57  0,00          8000000000000000                              0                      
0110/05/2018001700000572           162166,622170781     134022.0010/05/2018010       2680,44  0,00          8000000000000000                              0                      
0109/05/2018000400000598           433204,202170781     358020.0009/05/2018010       7160,40  0,00          8000000000000000                              0                      
0109/05/2018000500000194           577442,252170781     477225.0009/05/2018010       7544,50  0,00          8000000000000000                              0                      
0109/05/2018000500003468           224561,482170781     185588.0009/05/2018010       1711,76  0,00          8000000000000000                              0                      
0109/05/2018000300002289            90664,422170781      74929.2809/05/2018010        898,59  0,00          8000000000000000                              0                      
0108/05/2018000200000392            32670,002170781      27000.0008/05/2018010       1430,00  0,00          8000000000000000                              0                      
0108/05/2018000300001130            16940,002170781      14000.0008/05/2018010        450,00  0,00          8000000000000000                              0                      
0107/05/2018000300005271           497885,962170781     411476.0007/05/2018010       6229,52  0,00          8000000000000000                              0                      
0104/05/2018000300000545           228634,832170781     188954.4004/05/2018010       3179,09  0,00          8000000000000000                              0                      
0104/05/2018000400002043           409210,152170781     338190.2004/05/2018010       4763,80  0,00          8000000000000000                              0                      
0104/05/2018000300000456           635613,002170781     525300.0004/05/2018010       8506,00  0,00          8000000000000000                              0                      
0104/05/2018000300000484           676450,982170781     559050.4004/05/2018010       9181,01  0,00          8000000000000000                              0                      
0104/05/2018000500001527           790668,452170781     653445.0004/05/2018010      13068,90  0,00          8000000000000000                              0                      
0103/05/2018000500001516           840550,102170781     694669.5003/05/2018010      11893,39  0,00          8000000000000000                              0                      
0103/05/2018001700000562           260986,112170781     215691.0003/05/2018010       2313,82  0,00          8000000000000000                              0                      
0102/05/2018000100000066            48400,002170781      40000.0002/05/2018010        200,00  0,00          8000000000000000                              0                      
0102/05/2018001100054378           570991,502170781     471894.3002/05/2018010       7437,89  0,00          8000000000000000                              0                      
