0104/06/2018000500310906            11590,097672141       2011,5004/06/2018000       2011,50  0,00          8030678196165         00000000000000                              0                      
0104/06/2018000500310908            11590,097672141       2011,5004/06/2018000       2011,50  0,00          8030678196165         00000000000000                              0                      
0128/05/2018000400000819           444488,967672141      77142,7104/06/2018000      38571,36  0,00          8033655428319         00000000000000                              0                      
0128/05/2018000400001791           119136,607672141      20676,6004/06/2018000      10338,30  0,00          8030707991417         00000000000000                              0                      
0129/05/2018000300000484           476464,737672141      82692,2304/06/2018000      41346,11  0,00          8030711527504         00000000000000                              0                      
0131/05/2018000300005110             4120,977672141        715,2105/06/2018000        715,21  0,00          8030518151742         00000000000000                              0                      
0122/05/2018000400021337            33192,727672141       5760,7205/06/2018000       2880,36  0,00          8030585827785         00000000000000                              0                      
0131/05/2018000400021416            16929,597672141       2938,1905/06/2018000       2938,19  0,00          8030585827785         00000000000000                              0                      
0104/06/2018000500016447             2470,007672141        428,6805/06/2018000        428,68  0,00          8027109849656         00000000000000                              0                      
0105/06/2018000300000804             5072,327672141        880,3205/06/2018000        880,32  0,00          8030714987697         00000000000000                              0                      
0104/06/2018000400000751             3194,407672141        554,4005/06/2018000        554,40  0,00          8030709370266         00000000000000                              0                      
0105/06/2018000500311231            10360,737672141       1798,1405/06/2018000       1798,14  0,00          8030678196165         00000000000000                              0                      
0105/06/2018000500311233            10360,737672141       1798,1405/06/2018000       1798,14  0,00          8030678196165         00000000000000                              0                      
0105/06/2018000700008134             3011,697672141        522,6905/06/2018000        522,69  0,00          8030683069171         00000000000000                              0                      
0105/06/2018000700008134             3011,697672141        522,6905/06/2018000        522,69  0,00          8030683069171         00000000000000                              0                      
0106/06/2018000400000752             7051,287672141       1223,7806/06/2018000       1223,78  0,00          8030709370266         00000000000000                              0                      
0101/06/2018000400000627           467130,187672141      81072,1806/06/2018000      40536,09  0,00          8033710023099         00000000000000                              0                      
0130/05/2018000400000820             5717,257672141        992,2506/06/2018000        992,25  0,00          8033655428319         00000000000000                              0                      
0101/06/2018000400000822           427008,407672141      74108,9006/06/2018000      37054,45  0,00          8033655428319         00000000000000                              0                      
0106/06/2018000500311585             9131,377672141       1584,7807/06/2018000       1584,78  0,00          8030678196165         00000000000000                              0                      
0106/06/2018000500311586             9131,377672141       1584,7807/06/2018000       1584,78  0,00          8030678196165         00000000000000                              0                      
0107/06/2018000700008251             3005,957672141        521,7007/06/2018000        521,70  0,00          8030683069171         00000000000000                              0                      
0107/06/2018000700008252             3005,957672141        521,7007/06/2018000        521,70  0,00          8030683069171         00000000000000                              0                      
0107/06/2018000700008253             3005,957672141        521,7007/06/2018000        521,70  0,00          8030683069171         00000000000000                              0                      
0107/06/2018000700008254             3005,957672141        521,7007/06/2018000        521,70  0,00          8030683069171         00000000000000                              0                      
0107/06/2018000700008247             3005,957672141        521,7007/06/2018000        521,70  0,00          8030683069171         00000000000000                              0                      
0107/06/2018000700008250             3005,957672141        521,7007/06/2018000        521,70  0,00          8030683069171         00000000000000                              0                      
0110/05/2018000500002151             3804,247672141        660,2408/06/2018000        660,24  0,00          8030602776979         00000000000000                              0                      
0121/05/2018001000003773            15182,277672141       2634,9408/06/2018000       2634,94  0,00          8020135516199         00000000000000                              0                      
0115/05/2018000200000082            11924,557672141       2069,5508/06/2018000       2069,55  0,00          8027204635558         00000000000000                              0                      
0116/05/2018000900007370             2724,807672141        472,9008/06/2018000        472,90  0,00          8030708541687         00000000000000                              0                      
0101/06/2018000900007510             2942,967672141        510,7608/06/2018000        510,76  0,00          8030708541687         00000000000000                              0                      
0116/05/2018000200002766             4416,507672141        766,5008/06/2018000        766,50  0,00          8020056192078         00000000000000                              0                      
0107/06/2018000200011131             9052,317672141       1571,0608/06/2018000       1571,06  0,00          8030715232959         00000000000000                              0                      
0123/05/2018000700003914             6927,987672141       1202,3808/06/2018000       1202,38  0,00          8030709468347         00000000000000                              0                      
0101/06/2018000300002384             4650,017672141        807,0308/06/2018000        807,03  0,00          8020215067948         00000000000000                              0                      
0118/04/2018001600001799            64980,637672141      11277,6308/06/2018000       9022,10  0,00          8030621212687         00000000000000                              0                      
0118/04/2018001600001800            42439,547672141       7365,5408/06/2018000       5892,43  0,00          8030621212687         00000000000000                              0                      
0118/04/2018001600001801             4286,437672141        743,9308/06/2018000        743,93  0,00          8030621212687         00000000000000                              0                      
0130/04/2018001600001810            74300,667672141      12895,1608/06/2018000      10316,12  0,00          8030621212687         00000000000000                              0                      
0130/04/2018001600001811            68928,867672141      11962,8608/06/2018000       9570,29  0,00          8030621212687         00000000000000                              0                      
0130/04/2018001600001812            41558,667672141       7212,6608/06/2018000       5770,13  0,00          8030621212687         00000000000000                              0                      
0130/04/2018001600001813            25553,397672141       4434,8908/06/2018000       3547,91  0,00          8030621212687         00000000000000                              0                      
0108/05/2018001600001830            44095,127672141       7652,8708/06/2018000       6122,30  0,00          8030621212687         00000000000000                              0                      
0115/05/2018000200000054             3388,007672141        588,0011/06/2018000        588,00  0,00          8020177970523         00000000000000                              0                      
0124/05/2018000200000055             3025,007672141        525,0011/06/2018000        525,00  0,00          8020177970523         00000000000000                              0                      
0124/05/2018000200000056            38720,007672141       6720,0011/06/2018000       3360,00  0,00          8020177970523         00000000000000                              0                      
0109/05/2018000300000039             2311,107672141        401,1011/06/2018000        401,10  0,00          8020297584937         00000000000000                              0                      
0122/05/2018000200000237            14701,507672141       2551,5011/06/2018000       2551,50  0,00          8020054626720         00000000000000                              0                      
0104/05/2018000300030451            11576,487672141       2009,1411/06/2018000       2009,14  0,00          8030609339663         00000000000000                              0                      
0124/05/2018000300030937             6089,027672141       1056,7711/06/2018000       1056,77  0,00          8030609339663         00000000000000                              0                      
0129/05/2018000300031008             2959,727672141        513,6711/06/2018000        513,67  0,00          8030609339663         00000000000000                              0                      
0109/05/2018000200000131             2926,997672141        507,9911/06/2018000        507,99  0,00          8020169230855         00000000000000                              0                      
0108/05/2018000300002443             3653,297672141        634,0411/06/2018000        634,04  0,00          8020116112206         00000000000000                              0                      
0130/05/2018000200001015             2386,127672141        414,1211/06/2018000        414,12  0,00          8030711724520         00000000000000                              0                      
0101/06/2018000200001017             4177,897672141        725,0911/06/2018000        725,09  0,00          8030711724520         00000000000000                              0                      
0131/05/2018000300001275             7816,607672141       1356,6011/06/2018000       1356,60  0,00          8020182611345         00000000000000                              0                      
0124/05/2018000200002689             2919,977672141        506,7711/06/2018000        506,77  0,00          8030709736163         00000000000000                              0                      
0130/04/2018000100051241             2800,007672141        485,9511/06/2018000        485,95  0,00          8033709816409         00000000000000                              0                      
0109/05/2018000600005319            12882,437672141       2235,7911/06/2018000       2235,79  0,00          8030707008209         00000000000000                              0                      
0104/06/2018000200004432             2732,007672141        474,1511/06/2018000        474,15  0,00          8030709512494         00000000000000                              0                      
0127/04/2018000200000892            78650,007672141      13650,0011/06/2018000       6825,00  0,00          8030632412424         00000000000000                              0                      
0128/04/2018000200000894            39325,007672141       6825,0011/06/2018000       3412,50  0,00          8030632412424         00000000000000                              0                      
0129/05/2018000500009088            19679,597672141       3415,4711/06/2018000       3415,47  0,00          8030709716057         00000000000000                              0                      
0101/06/2018000200000404            32670,007672141       5670,0011/06/2018000       4536,00  0,00          8027209857001         00000000000000                              0                      
0122/05/2018000200001147             4573,807672141        793,8011/06/2018000        793,80  0,00          8020085680499         00000000000000                              0                      
0128/05/2018000200001164             2649,907672141        459,9011/06/2018000        459,90  0,00          8020085680499         00000000000000                              0                      
0102/05/2018000600008306             5610,177672141        973,6711/06/2018000        973,67  0,00          8020160209888         00000000000000                              0                      
0128/05/2018000500001571            36590,407672141       6350,4011/06/2018000       3175,20  0,00          8030709438944         00000000000000                              0                      
0129/05/2018001000010106             3506,587672141        608,5811/06/2018000        608,58  0,00          8030681484635         00000000000000                              0                      
0129/05/2018000400010256            37649,157672141       6534,1511/06/2018000       3267,08  0,00          8030529700659         00000000000000                              0                      
0101/06/2018000300004344             6037,007672141       1047,7411/06/2018000       1047,74  0,00          8030636552360         00000000000000                              0                      
0101/06/2018100000003613             2569,627672141        445,9711/06/2018000        445,97  0,00          8030523439088         00000000000000                              0                      
0106/06/2018000300003655            12946,647672141       2246,9411/06/2018000       2246,94  0,00          8030708997575         00000000000000                              0                      
0105/06/2018000300001169            16940,007672141       2940,0011/06/2018000       2940,00  0,00          8020132324221         00000000000000                              0                      
0109/05/2018000300005368           346091,467672141      60065,4611/06/2018000      30032,73  0,00          8030709614149         00000000000000                              0                      
0109/05/2018000400004643            19863,367672141       3447,3611/06/2018000       3447,36  0,00          8020125330984         00000000000000                              0                      
0122/05/2018000400004670            21780,007672141       3780,0011/06/2018000       3780,00  0,00          8020125330984         00000000000000                              0                      
0111/06/2018000500312359            11772,627672141       2043,1811/06/2018000       2043,18  0,00          8030678196165         00000000000000                              0                      
0128/03/2018000500001555             2310,007672141        400,9111/06/2018000        400,91  0,00          8030708882883         00000000000000                              0                      
0111/05/2018000500001731             8750,007672141       1518,6011/06/2018000       1518,60  0,00          8030708882883         00000000000000                              0                      
0101/06/2018000500340333             3935,097672141        682,9611/06/2018000        682,96  0,00          8030708640634         00000000000000                              0                      
0131/05/2018000300005842             4665,007672141        809,6311/06/2018000        809,63  0,00          8020080699698         00000000000000                              0                      
0131/05/2018000300005844             3169,007672141        550,0011/06/2018000        550,00  0,00          8020080699698         00000000000000                              0                      
0110/05/2018004900002667             4491,527672141        779,5211/06/2018000        779,52  0,00          8030707482857         00000000000000                              0                      
0121/05/2018004900002778             2680,157672141        465,1511/06/2018000        465,15  0,00          8030707482857         00000000000000                              0                      
0104/05/2018000300000353            87799,677672141      15237,9611/06/2018000      12190,37  0,00          8020223416145         00000000000000                              0                      
0102/05/2018000200001932            31460,007672141       5460,0011/06/2018000       4368,00  0,00          8020160128233         00000000000000                              0                      
0104/05/2018000200001935            41140,007672141       7140,0011/06/2018000       5712,00  0,00          8020160128233         00000000000000                              0                      
0104/05/2018000200001936           117794,717672141      20443,7111/06/2018000      16354,97  0,00          8020160128233         00000000000000                              0                      
0109/05/2018000200001948            24682,577672141       4283,7511/06/2018000       3427,00  0,00          8020160128233         00000000000000                              0                      
0104/06/2018000400001809           461330,057672141      80065,5511/06/2018000      40032,77  0,00          8030648269257         00000000000000                              0                      
0106/06/2018000300000228            51120,087672141       8872,0811/06/2018000       4436,04  0,00          8020225315168         00000000000000                              0                      
0104/05/2018000200000083          3109492,237672141     539663,9412/06/2018000     539663,94  0,00          8033709604479         00000000000000                              0                      
0118/05/2018000200000084          2665980,847672141     462690,8912/06/2018000     462690,89  0,00          8033709604479         00000000000000                              0                      
0128/05/2018000200000085           434801,517672141      75461,4212/06/2018000      75461,42  0,00          8033709604479         00000000000000                              0                      
0104/05/2018000200000129           162495,867672141      28201,7612/06/2018000      22561,41  0,00          8030712264949         00000000000000                              0                      
0118/05/2018000200000130            57992,607672141      10064,8312/06/2018000       8051,87  0,00          8030712264949         00000000000000                              0                      
0128/05/2018000200000131            77873,057672141      13515,1612/06/2018000      10812,13  0,00          8030712264949         00000000000000                              0                      
0128/05/2018000200000132            77873,057672141      13515,1612/06/2018000      10812,13  0,00          8030712264949         00000000000000                              0                      
0128/05/2018000200000133            24116,677672141       4185,5412/06/2018000       3348,43  0,00          8030712264949         00000000000000                              0                      
0104/05/2018000200000140           734562,447672141     127486,0412/06/2018000     101988,84  0,00          8030714632716         00000000000000                              0                      
0118/05/2018000200000141           479290,987672141      83182,7312/06/2018000      66546,19  0,00          8030714632716         00000000000000                              0                      
0128/05/2018000200000142           563187,007672141      97743,2012/06/2018000      78194,56  0,00          8030714632716         00000000000000                              0                      
0128/05/2018000200000143           549882,107672141      95434,0812/06/2018000      76347,27  0,00          8030714632716         00000000000000                              0                      
0128/05/2018000200000144           102418,557672141      17775,1212/06/2018000      14220,10  0,00          8030714632716         00000000000000                              0                      
0104/05/2018000200000142          1545973,097672141     268309,3812/06/2018000     214647,50  0,00          8030714632740         00000000000000                              0                      
0118/05/2018000200000143          1480565,417672141     256957,6312/06/2018000     205566,11  0,00          8030714632740         00000000000000                              0                      
0128/05/2018000200000144          1626649,687672141     282311,1012/06/2018000     225848,88  0,00          8030714632740         00000000000000                              0                      
0128/05/2018000200000145          1585128,697672141     275104,9812/06/2018000     220083,98  0,00          8030714632740         00000000000000                              0                      
0128/05/2018000200000146            89851,307672141      15594,0312/06/2018000      12475,22  0,00          8030714632740         00000000000000                              0                      
0112/06/2018000500315507             4290,227672141        744,5812/06/2018000        744,58  0,00          8030693184947         00000000000000                              0                      
0131/05/2018000200000347            28737,507672141       4987,5012/06/2018000       2493,75  0,00          8030708547235         00000000000000                              0                      
0106/06/2018000200000348            28737,507672141       4987,5012/06/2018000       2493,75  0,00          8030708547235         00000000000000                              0                      
0112/06/2018000500312609            10727,857672141       1861,8612/06/2018000       1861,86  0,00          8030678196165         00000000000000                              0                      
0112/06/2018000500312610            10727,857672141       1861,8612/06/2018000       1861,86  0,00          8030678196165         00000000000000                              0                      
0112/06/2018000500312611            10727,857672141       1861,8612/06/2018000       1861,86  0,00          8030678196165         00000000000000                              0                      
0121/05/2018000200000094            34326,497672141       5957,4912/06/2018000       5957,49  0,00          8030711212023         00000000000000                              0                      
0121/05/2018000200000683             6881,887672141       1194,3812/06/2018000       1194,38  0,00          8030656846476         00000000000000                              0                      
0128/03/2018000200000329            20645,627672141       3583,1212/06/2018000       3583,12  0,00          8030708185325         00000000000000                              0                      
0128/03/2018000300000438            13543,537672141       2350,5312/06/2018000       2350,53  0,00          8030708894989         00000000000000                              0                      
0111/05/2018000200000587             4235,007672141        735,0012/06/2018000        735,00  0,00          8030692612937         00000000000000                              0                      
0122/05/2018000200000597             3176,257672141        551,2512/06/2018000        551,25  0,00          8030692612937         00000000000000                              0                      
0124/04/2018082200000057             3751,007672141        651,0012/06/2018000        651,00  0,00          8030715184482         00000000000000                              0                      
0124/04/2018082000000014            21634,807672141       3754,8012/06/2018000       3754,80  0,00          8030711335214         00000000000000                              0                      
0104/05/2018081600000059            14689,407672141       2549,4012/06/2018000       2549,40  0,00          8030621304190         00000000000000                              0                      
0107/05/2018000300000516            16782,707672141       2912,7012/06/2018000       2912,70  0,00          8030629497729         00000000000000                              0                      
0103/05/2018000600001369             8736,207672141       1516,2012/06/2018000       1516,20  0,00          8030707776087         00000000000000                              0                      
0116/05/2018000500000291            33511,567672141       5816,0612/06/2018000       2908,03  0,00          8030614875093         00000000000000                              0                      
0117/05/2018000900004118             4428,607672141        768,6012/06/2018000        768,60  0,00          8030710973942         00000000000000                              0                      
0103/05/2018000900000927            18387,777672141       3191,2712/06/2018000       3191,27  0,00          8030708602937         00000000000000                              0                      
0115/05/2018000900000931            34339,807672141       5959,8012/06/2018000       2979,90  0,00          8030708602937         00000000000000                              0                      
0102/05/2018000300000074            33374,587672141       5792,2812/06/2018000       2896,14  0,00          8030707892796         00000000000000                              0                      
0111/05/2018000300000076            16026,337672141       2781,4312/06/2018000       2781,43  0,00          8030707892796         00000000000000                              0                      
0117/05/2018000400008066            11616,007672141       2016,0012/06/2018000       2016,00  0,00          8030688056299         00000000000000                              0                      
0117/05/2018000400008067             9438,007672141       1638,0012/06/2018000       1638,00  0,00          8030688056299         00000000000000                              0                      
0102/05/2018000200000164           201261,727672141      34929,7212/06/2018000      17464,86  0,00          8030711468222         00000000000000                              0                      
0107/05/2018000200000167            24596,887672141       4268,8812/06/2018000       3415,10  0,00          8030711468222         00000000000000                              0                      
0109/05/2018000200000168           162333,607672141      28173,6012/06/2018000      14086,80  0,00          8030711468222         00000000000000                              0                      
0117/05/2018000200000170            14152,167672141       2456,1612/06/2018000       2456,16  0,00          8030711468222         00000000000000                              0                      
0131/05/2018000200000172            41076,487672141       7128,9812/06/2018000       3564,49  0,00          8030711468222         00000000000000                              0                      
0103/05/2018000300000561           971279,107672141     168569,1012/06/2018000      84284,55  0,00          8030707756191         00000000000000                              0                      
0111/05/2018000300000565           151256,057672141      26251,0512/06/2018000      13125,53  0,00          8030707756191         00000000000000                              0                      
0105/05/2018000300001851            25048,827672141       4347,3212/06/2018000       2173,66  0,00          8030710107242         00000000000000                              0                      
0107/05/2018000300001858             5012,437672141        869,9312/06/2018000        869,93  0,00          8030710107242         00000000000000                              0                      
0107/05/2018000300001859             4150,917672141        720,4112/06/2018000        720,41  0,00          8030710107242         00000000000000                              0                      
0109/05/2018000300001866             2976,607672141        516,6012/06/2018000        516,60  0,00          8030710107242         00000000000000                              0                      
0111/05/2018000300001869            14100,137672141       2447,1312/06/2018000       2447,13  0,00          8030710107242         00000000000000                              0                      
0112/05/2018000300001870             4418,317672141        766,8112/06/2018000        766,81  0,00          8030710107242         00000000000000                              0                      
0113/06/2018000700008611             3103,657672141        538,6513/06/2018000        538,65  0,00          8030683069171         00000000000000                              0                      
0113/06/2018000700008612             3103,657672141        538,6513/06/2018000        538,65  0,00          8030683069171         00000000000000                              0                      
0113/06/2018000700008613             3103,657672141        538,6513/06/2018000        538,65  0,00          8030683069171         00000000000000                              0                      
0113/06/2018000700008614             3103,657672141        538,6513/06/2018000        538,65  0,00          8030683069171         00000000000000                              0                      
0113/06/2018000700008617             3103,657672141        538,6513/06/2018000        538,65  0,00          8030683069171         00000000000000                              0                      
0115/05/2018000100000287           544961,017672141      94580,0113/06/2018000      47290,01  0,00          8030715633163         00000000000000                              0                      
0114/05/2018000100000242           290400,007672141      50400,0013/06/2018000      25200,00  0,00          8030715481142         00000000000000                              0                      
0107/05/2018000300000451           359128,007672141      62328,0013/06/2018000      31164,00  0,00          8030715108980         00000000000000                              0                      
0102/05/2018000400001851           597744,847672141     103740,8413/06/2018000      51870,42  0,00          8030692573206         00000000000000                              0                      
0107/05/2018000200001481           911463,967672141     158187,9613/06/2018000      79093,98  0,00          8033711582369         00000000000000                              0                      
0110/05/2018000200001598           492242,527672141      85430,5213/06/2018000      42715,26  0,00          8030710384874         00000000000000                              0                      
0130/04/2018000300002345            78614,287672141      13643,8013/06/2018000      10915,04  0,00          8030710870515         00000000000000                              0                      
0115/05/2018000300002405           148918,507672141      25845,3613/06/2018000      20676,29  0,00          8030710870515         00000000000000                              0                      
0131/05/2018000300002467            91778,557672141      15928,5113/06/2018000      12742,81  0,00          8030710870515         00000000000000                              0                      
0115/05/2018000600000060           570908,687672141      99083,3213/06/2018000      79266,66  0,00          8030631252520         00000000000000                              0                      
0130/04/2018000200000747            94138,007672141      16338,0013/06/2018000       8169,00  0,00          8020177968294         00000000000000                              0                      
0115/05/2018000200000761            96945,807672141      16825,3013/06/2018000       8412,65  0,00          8020177968294         00000000000000                              0                      
0110/05/2018000400000060            57723,057672141      10018,0513/06/2018000       5009,03  0,00          8027216043869         00000000000000                              0                      
0101/05/2018000300000068            13393,497672141       2324,4913/06/2018000       2324,49  0,00          8033707590209         00000000000000                              0                      
0111/05/2018000300000070            87815,757672141      15240,7513/06/2018000       7620,38  0,00          8033707590209         00000000000000                              0                      
0128/05/2018000300000073           116602,867672141      20236,8613/06/2018000      10118,43  0,00          8033707590209         00000000000000                              0                      
0101/05/2018000300000610           356577,697672141      61885,3913/06/2018000      30942,70  0,00          8030710570775         00000000000000                              0                      
0102/05/2018000100000085            54208,007672141       9408,0013/06/2018000       4704,00  0,00          8030715405705         00000000000000                              0                      
0107/05/2018000100000086            29645,007672141       5145,0013/06/2018000       2572,50  0,00          8030715405705         00000000000000                              0                      
0109/05/2018000100000087            23716,007672141       4116,0013/06/2018000       4116,00  0,00          8030715405705         00000000000000                              0                      
0123/05/2018000100000863           218889,007672141      37989,0013/06/2018000      18994,50  0,00          8030714986593         00000000000000                              0                      
0123/05/2018000100000864            19602,007672141       3402,0013/06/2018000       3402,00  0,00          8030714986593         00000000000000                              0                      
0110/05/2018000300000596           238564,337672141      41403,7313/06/2018000      20701,86  0,00          8030714496782         00000000000000                              0                      
0119/05/2018000300000602           992359,397672141     172227,6613/06/2018000      86113,83  0,00          8030714496782         00000000000000                              0                      
0103/05/2018000300000639           359449,867672141      62383,8613/06/2018000      31191,93  0,00          8030709089257         00000000000000                              0                      
0111/05/2018000300000642           419793,537672141      72856,7313/06/2018000      36428,36  0,00          8030709089257         00000000000000                              0                      
0120/05/2018000300000645           266588,817672141      46267,4813/06/2018000      23133,74  0,00          8030709089257         00000000000000                              0                      
0128/05/2018000300000653            22411,627672141       3889,6213/06/2018000       3889,62  0,00          8030709089257         00000000000000                              0                      
0107/06/2018000400000845           351911,567672141      61075,5614/06/2018000      30537,78  0,00          8033655428319         00000000000000                              0                      
0101/06/2018000300000494           258815,377672141      44918,3714/06/2018000      22459,19  0,00          8030711527504         00000000000000                              0                      
0114/06/2018000400000758             7560,087672141       1312,0814/06/2018000       1312,08  0,00          8030709370266         00000000000000                              0                      
0115/06/2018000700008743             3333,557672141        578,5515/06/2018000        578,55  0,00          8030683069171         00000000000000                              0                      
0104/06/2018000300000599           748901,077672141     129974,5715/06/2018000      64987,28  0,00          8033715582339         00000000000000                              0                      
0101/05/2018000200000465           500250,297672141      86820,2915/06/2018000      43410,15  0,00          8030711645736         00000000000000                              0                      
0109/05/2018000200000472           378438,397672141      65679,3915/06/2018000      32839,70  0,00          8030711645736         00000000000000                              0                      
0117/05/2018000200000477           395582,887672141      68654,8815/06/2018000      34327,44  0,00          8030711645736         00000000000000                              0                      
0128/05/2018000200000486           641241,927672141     111289,9215/06/2018000      55644,96  0,00          8030711645736         00000000000000                              0                      
0104/06/2018000400000819           444488,962170781     367346,2504/06/2018010       5346,93  0,00          8033655428319         00000000000000                              0                      
0104/06/2018000300000484           476414,732170781     393722,5004/06/2018010       5874,45  0,00          8030711527504         00000000000000                              0                      
0104/06/2018001700000583           416509,832170781     344223,0004/06/2018010       4884,46  0,00          8030504715392         00000000000000                              0                      
0105/06/2018000300000564            73365,932170781      60633,0005/06/2018010        612,66  0,00          8027250537145         00000000000000                              0                      
0105/06/2018000100000084           169400,002170781     140000,0005/06/2018010       2200,00  0,00          8030712104860         00000000000000                              0                      
0106/06/2018000400000627           467130,182170781     386058,0006/06/2018010       5721,16  0,00          8033710023099         00000000000000                              0                      
0106/06/2018000400000822           432725,652170781     357624,5006/06/2018010       7152,49  0,00          8033655428319         00000000000000                              0                      
0108/06/2018001900002301           730864,822170781     604020,5008/06/2018010      10080,41  0,00          8030563078347         00000000000000                              0                      
0108/06/2018001600001830           362092,812170781     299250,2508/06/2018010       5385,01  0,00          8030621212687         00000000000000                              0                      
0111/06/2018000200000404            32670,002170781      27000,0011/06/2018010       1430,00  0,00          8027209857001         00000000000000                              0                      
0111/06/2018000300001169            16940,002170781      14000,0011/06/2018010        450,00  0,00          8020132324221         00000000000000                              0                      
0111/06/2018000300005368           346091,462170781     286026,0011/06/2018010       3720,52  0,00          8030709614149         00000000000000                              0                      
0111/06/2018000300000574           317919,032170781     262743,0011/06/2018010       5254,86  0,00          8027250537145         00000000000000                              0                      
0111/06/2018001100055451           359401,172170781     297025,7611/06/2018010       3940,52  0,00          8030547885070         00000000000000                              0                      
0111/06/2018001700000590           378526,722170781     312832,0011/06/2018010       6256,64  0,00          8030504715392         00000000000000                              0                      
0111/06/2018000400001809           461330,052170781     381264,5011/06/2018010       5625,29  0,00          8030648269257         00000000000000                              0                      
0112/06/2018000200000172           443420,842170781     366463,5012/06/2018010       5329,27  0,00          8030711468222         00000000000000                              0                      
0112/06/2018000300000565          1122293,152170781     927515,0012/06/2018010      16550,30  0,00          8030707756191         00000000000000                              0                      
0113/06/2018000100000287           544961,012170781     450381,0013/06/2018010       7007,62  0,00          8030715633163         00000000000000                              0                      
0113/06/2018000100000242           290400,002170781     240000,0013/06/2018010       2800,00  0,00          8030715481142         00000000000000                              0                      
0113/06/2018000300000451           359128,002170781     296800,0013/06/2018010       3936,00  0,00          8030715108980         00000000000000                              0                      
0113/06/2018000400001851           597744,842170781     494004,0013/06/2018010       7880,08  0,00          8030692573206         00000000000000                              0                      
0113/06/2018000200001481           911463,962170781     753276,0013/06/2018010      13065,52  0,00          8033711582369         00000000000000                              0                      
0113/06/2018000200001598           492242,522170781     406812,0013/06/2018010       6136,24  0,00          8030710384874         00000000000000                              0                      
0113/06/2018000300002467           319311,332170781     263893,6613/06/2018010       4677,87  0,00          8030710870515         00000000000000                              0                      
0113/06/2018000600000060           570908,682170781     471825,3613/06/2018010       8836,51  0,00          8030631252520         00000000000000                              0                      
0113/06/2018000200000761           191083,802170781     157920,5013/06/2018010       1158,41  0,00          8020177968294         00000000000000                              0                      
0113/06/2018000300000073           217812,102170781     180010,0013/06/2018010       1600,20  0,00          8033707590209         00000000000000                              0                      
0113/06/2018000300000610           356577,692170781     294692,3013/06/2018010       3893,85  0,00          8030710570775         00000000000000                              0                      
0113/06/2018000100000864           238491,002170781     197100,0013/06/2018010       1942,00  0,00          8030714986593         00000000000000                              0                      
0113/06/2018000300000602          1230923,722170781    1017292,3313/06/2018010      18345,85  0,00          8030714496782         00000000000000                              0                      
0113/06/2018000300000653          1031653,422170781     852606,1313/06/2018010      15052,12  0,00          8030709089257         00000000000000                              0                      
0114/06/2018001900002303            15497,072170781      12807,5014/06/2018010        256,15  0,00          8030563078347         00000000000000                              0                      
0114/06/2018000400000845           351911,562170781     290836,0014/06/2018010       5816,72  0,00          8033655428319         00000000000000                              0                      
0114/06/2018000300000494           258815,372170781     213897,0014/06/2018010       4277,94  0,00          8030711527504         00000000000000                              0                      
0115/06/2018000300000599           748901,072170781     618926,5015/06/2018010      10378,53  0,00          8033715582339         00000000000000                              0                      
0115/06/2018000200000486          1915513,482170781    1583069,0015/06/2018010      29661,38  0,00          8030711645736         00000000000000                              0                      
0115/06/2018001100055732           145732,882170781     120440,4015/06/2018010       2408,80  0,00          8030547885070         00000000000000                              0                      
0115/06/2018001000015813            59048,002170781      48800,0015/06/2018010        376,00  0,00          8030701265587         00000000000000                              0                      
